378
16 6
20 5
9 10
19 13
25 6
6 10
10 5
20 22
21 9
13 10
18 6
6 1
21 0
13 20
28 6
6 9
1 0
11 16
10 10
5 0
21 6
6 13
13 0
6 29
1 0
2 11
11 17
6 17
29 0
13 5
5 18
21 14
9 28
20 28
28 10
19 0
29 20
20 5
28 20
19 0
24 24
22 21
11 21
16 6
20 14
28 14
6 19
29 19
25 14
6 29
29 0
10 25
25 0
22 18
11 0
16 24
6 8
9 8
19 8
6 29
29 29
16 25
25 0
16 22
25 0
6 25
9 25
25 19
6 16
17 16
10 0
5 0
18 10
6 10
10 0
5 20
18 20
6 0
13 0
28 13
14 13
21 20
6 20
1 20
20 2
5 2
2 21
10 21
25 21
19 0
24 6
22 6
11 0
8 0
16 21
25 21
6 0
13 0
5 6
2 6
10 3
20 3
22 3
3 0
27 6
4 6
26 10
7 6
15 19
19 12
25 12
12 0
11 29
29 8
19 8
8 8
16 0
22 0
3 0
27 20
4 20
26 10
7 10
6 15
13 15
15 24
19 0
25 9
12 9
11 30
21 30
30 16
23 0
26 1
7 0
6 25
21 25
30 0
23 0
19 4
4 9
26 26
10 7
20 7
21 7
9 7
7 24
24 16
22 16
3 16
19 21
4 21
17 22
22 0
3 0
27 0
20 4
4 0
17 22
22 0
3 0
6 1
1 1
20 0
4 0
9 17
25 17
12 0
11 11
10 11
24 0
22 21
11 21
17 21
21 0
30 0
23 0
10 5
20 0
28 0
10 9
11 9
29 0
10 13
11 13
21 0
30 0
23 0
24 5
22 0
3 0
19 6
25 6
12 6
9 17
7 17
6 0
21 0
30 0
23 0
15 6
19 0
24 16
22 16
3 16
20 27
5 27
2 27
27 0
6 11
9 11
7 11
6 0
21 0
30 0
23 0
30 7
23 0
17 10
21 0
30 0
23 0
26 14
14 0
21 21
25 21
12 21
6 17
1 17
20 0
21 0
30 0
23 0
24 14
14 0
21 22
25 22
19 22
4 0
9 26
25 26
12 26
21 0
30 0
23 0
30 14
23 0
26 16
14 0
21 0
30 0
23 0
26 19
14 0
21 0
30 0
23 0
12 21
21 0
30 0
23 0
11 25
21 0
30 0
23 0
12 26
21 0
30 0
23 0
22 28
11 0
21 0
30 0
23 0
15 29
29 0
20 16
5 16
2 16
27 0
6 20
13 20
15 20
29 0
20 24
22 24
3 24
20 0
21 0
30 0
23 0
19 30
30 0
7 25
17 25
21 0
30 0
23 0
8 15
6 0
21 0
30 0
23 0
8 17
6 0
21 0
30 0
23 0
8 18
6 0
21 0
30 0
23 0
8 23
23 0
22 8
18 8
8 0
23 0
22 13
18 13
8 0
23 0
20 1
5 1
18 0
8 0
23 0
9 12
7 12
6 0
21 0
30 0
16 23
20 23
5 23
23 0
20 22
5 22
2 22
27 22
22 6
11 6
13 6
15 6
29 0
19 10
25 10
12 10
26 10
10 0
5 0
23 0
20 19
5 19
2 19
10 0
5 0
23 0
11 9
9 9
7 9
10 0
5 0
23 0
20 24
5 24
2 24
27 24
22 0
11 0
21 0
30 0
16 22
20 22
5 22
2 22
27 22
277
9 29
20 29
7 20
9 11
24 20
20 17
9 0
26 29
29 0
7 1
20 9
17 9
9 0
11 24
18 24
7 29
20 0
9 0
30 28
8 0
5 9
26 9
9 0
11 26
3 26
16 0
29 2
2 1
26 0
9 7
30 7
8 0
7 20
1 20
9 0
11 0
9 3
11 30
5 30
30 7
8 0
21 0
10 17
11 9
16 9
9 18
11 0
27 5
9 15
11 0
15 1
12 0
26 29
9 0
11 0
23 7
27 20
5 11
11 26
10 26
11 0
12 9
22 7
4 7
25 17
17 21
29 21
2 21
21 26
10 0
11 13
23 13
11 0
12 10
10 28
17 28
9 0
11 0
22 11
11 4
22 15
11 0
18 11
11 0
24 16
11 0
29 17
17 7
9 0
11 0
27 20
13 9
28 9
9 0
11 0
2 22
22 0
11 0
24 27
27 11
5 11
19 0
14 11
11 0
13 21
21 0
26 10
29 10
17 9
9 9
18 9
24 7
16 7
29 2
10 2
11 0
13 12
3 12
12 0
22 26
20 26
9 0
11 0
2 13
1 13
9 0
11 0
29 18
10 18
11 0
23 24
27 24
20 13
7 13
1 13
9 0
11 0
2 23
1 23
23 0
13 11
3 11
12 11
11 29
4 29
24 25
16 25
7 29
1 29
13 29
3 28
16 28
25 28
17 0
9 0
15 0
1 2
13 2
3 0
29 16
2 16
21 16
26 0
9 0
11 0
4 26
24 26
27 26
5 0
9 19
15 19
1 19
9 0
15 0
1 12
19 12
14 0
7 23
1 23
19 23
23 14
27 14
24 14
27 2
5 2
30 2
8 2
5 21
9 21
3 21
12 0
9 22
15 22
1 22
19 22
23 0
7 27
20 27
17 27
7 29
1 29
19 29
12 0
10 0
18 11
24 11
14 11
11 7
28 7
9 0
18 0
11 6
2 6
21 6
6 0
2 9
22 9
11 9
4 9
9 0
11 0
2 26
21 26
6 26
2 0
22 0
11 20
2 20
21 20
16 20
9 0
11 0
29 28
17 28
27 28
5 28
30 0
7 8
1 8
19 8
8 0
2 5
21 5
6 5
5 0
11 0
2 26
1 26
19 26
8 26
2 7
21 7
16 7
25 7
17 0
9 0
15 0
1 20
13 20
21 20
16 20
9 0
11 0
4 0
29 24
2 24
21 24
16 24
25 24
7 0
1 0
19 0
22 0
11 20
2 20
21 20
16 20
336
15 0
27 10
18 15
15 1
27 10
10 0
8 4
4 18
27 18
15 18
27 0
18 15
1 15
9 27
16 27
19 27
27 4
18 0
15 1
27 1
4 1
1 0
9 0
16 0
7 2
2 0
29 8
8 4
4 4
1 0
9 0
16 0
23 4
3 15
16 1
23 4
3 0
16 10
28 10
25 1
14 7
28 7
16 5
6 4
4 20
1 20
9 20
16 0
5 8
8 10
4 8
1 8
9 8
20 8
25 12
15 12
12 0
23 4
3 0
16 22
21 22
22 0
12 15
23 8
8 3
10 3
3 8
16 8
24 8
15 4
12 0
15 23
1 27
9 27
16 27
19 27
27 1
10 1
3 0
16 0
6 7
7 0
2 0
29 8
21 27
22 27
27 7
18 7
7 0
2 0
15 4
18 27
7 27
27 4
18 0
7 0
27 24
18 24
24 0
15 4
18 0
24 0
26 15
15 11
23 11
11 0
4 4
1 4
9 4
16 0
18 6
7 0
2 0
15 29
12 29
15 18
18 18
7 18
2 18
4 15
1 15
9 15
16 0
25 8
8 15
10 15
3 15
16 0
19 10
27 13
18 13
7 13
13 0
30 4
6 4
4 0
1 0
9 0
16 0
19 11
10 0
3 0
16 0
19 15
10 0
3 0
16 0
21 16
16 0
25 19
19 14
11 14
14 0
28 0
11 16
16 0
23 21
11 0
16 0
5 28
17 0
16 15
30 15
4 6
1 6
9 6
20 6
6 25
4 0
1 0
15 9
23 9
11 9
14 9
9 8
15 8
23 8
11 0
16 0
24 12
27 0
10 0
3 0
16 0
24 25
25 26
19 26
11 0
16 0
23 24
11 24
16 0
23 27
8 27
10 0
3 0
15 16
23 16
21 16
16 0
4 30
27 0
10 18
3 18
15 18
18 18
6 18
25 0
1 15
15 15
18 15
7 15
13 15
15 0
23 0
11 0
14 0
4 10
30 10
15 0
23 0
11 0
14 0
9 28
20 28
6 28
28 0
11 4
16 4
5 4
28 17
15 17
23 17
21 17
16 0
18 12
7 12
2 12
18 0
6 0
28 0
10 11
3 11
11 0
16 0
23 26
11 26
14 26
9 0
20 16
6 16
25 16
19 16
26 16
16 0
23 18
21 18
17 18
2 18
18 0
6 0
28 0
15 25
23 25
21 25
17 25
15 27
23 27
21 27
22 27
12 8
15 8
18 8
24 8
25 0
19 0
11 0
16 19
5 19
28 19
7 19
13 19
15 0
23 0
21 0
17 0
15 27
18 27
24 27
12 0
29 0
21 0
16 1
23 1
11 1
14 1
9 0
15 0
23 0
21 0
17 0
15 2
18 2
7 2
2 2
12 0
29 0
21 0
22 0
27 4
10 4
3 4
11 4
14 4
26 4
15 0
23 0
21 0
22 0
4 12
1 12
15 12
18 12
7 12
13 12
15 0
23 0
21 0
22 0
27 4
10 4
3 4
11 4
14 4
9 4
20 4
295
27 0
2 0
26 12
28 12
19 28
6 0
14 2
24 13
13 0
6 0
14 6
6 0
23 7
10 20
20 21
21 20
20 0
14 15
15 24
18 18
19 18
10 18
13 19
6 0
14 10
6 0
20 11
14 15
7 15
16 19
18 15
19 0
6 0
9 15
15 25
24 25
25 21
21 26
20 26
19 14
10 14
14 21
6 0
12 16
30 19
15 20
24 20
13 0
6 0
25 9
9 0
1 26
27 0
22 0
5 10
10 8
14 8
2 8
8 19
24 19
13 0
6 0
21 17
17 0
2 17
26 17
17 21
2 15
8 15
21 13
13 0
6 0
26 18
18 28
15 28
28 0
12 0
28 30
25 19
9 0
21 1
13 0
15 24
28 21
30 21
21 20
17 20
21 2
13 2
23 2
21 9
13 9
6 0
30 21
19 0
6 0
14 22
6 0
28 23
23 26
10 26
6 0
14 26
6 0
12 29
19 28
10 0
18 13
13 0
23 6
2 6
6 0
20 30
21 19
13 19
9 19
19 0
15 10
18 10
10 0
26 6
29 6
6 11
27 11
24 22
20 22
30 0
15 29
28 29
23 29
15 15
28 15
12 25
16 25
15 15
24 15
19 0
6 0
25 24
19 0
6 0
12 19
16 19
3 0
17 13
29 13
6 0
14 20
7 20
16 21
3 21
21 17
20 17
17 0
20 29
11 29
29 0
13 11
15 11
18 11
13 0
19 23
6 23
14 23
23 0
2 10
26 10
10 0
20 15
22 15
19 0
6 19
25 19
9 19
19 0
15 6
18 6
11 6
6 0
27 14
2 14
8 14
21 21
1 21
26 27
10 27
14 27
2 27
6 26
12 26
16 26
26 3
29 3
6 0
21 28
20 28
22 28
28 5
23 5
2 5
8 5
15 4
18 4
10 0
14 0
21 7
1 7
7 0
16 0
18 15
4 15
15 17
18 17
11 17
6 17
27 17
2 0
8 21
5 21
10 0
14 0
6 0
28 12
12 12
16 12
12 18
6 18
27 18
18 24
13 24
9 24
19 0
28 19
12 19
29 19
3 19
15 0
28 0
30 0
15 20
18 20
4 20
20 0
11 0
6 0
27 28
18 28
4 28
20 0
11 0
6 15
27 15
18 15
4 15
28 0
12 0
15 6
28 6
23 6
2 6
8 6
14 21
22 21
28 0
23 0
2 0
8 0
15 13
28 13
12 13
16 13
26 0
29 0
6 0
27 0
17 2
21 2
1 2
7 2
16 2
2 0
6 0
27 21
11 21
29 21
3 21
15 0
28 0
23 0
2 0
8 0
14 24
26 24
29 24
3 24
302
24 26
14 18
16 1
5 29
26 26
30 29
24 5
5 10
29 0
17 29
9 0
23 3
15 26
26 8
30 8
19 0
1 6
10 24
18 10
26 0
18 24
24 0
14 0
3 14
14 10
6 10
29 5
3 17
17 0
9 0
23 18
15 29
29 13
13 18
29 14
13 0
10 29
24 0
29 14
14 3
3 3
14 0
29 6
13 6
6 20
20 6
25 5
7 29
4 1
21 16
2 3
3 16
17 16
9 16
16 23
1 23
6 0
20 0
11 3
27 16
28 24
26 1
30 18
8 18
18 13
26 13
30 13
22 0
11 14
27 29
28 6
17 6
29 9
14 9
9 0
16 26
14 26
26 3
30 3
22 3
11 17
6 0
20 0
6 11
11 29
27 29
28 6
21 6
2 24
24 5
29 5
13 5
6 0
20 0
10 29
24 0
26 29
30 29
22 29
11 13
6 13
11 0
14 27
29 27
27 0
28 0
7 6
6 4
20 4
19 4
4 1
6 21
10 21
29 21
27 0
28 0
9 7
16 0
1 14
23 14
3 15
17 15
6 0
20 26
19 26
12 26
26 1
30 1
22 1
13 11
5 11
29 16
27 16
28 16
18 5
10 0
29 18
21 18
6 0
20 0
19 10
12 10
17 17
29 17
21 17
2 17
3 26
14 26
9 26
7 26
29 14
14 14
9 14
16 10
26 10
30 10
22 10
3 13
13 0
18 10
26 10
30 10
8 10
10 24
29 24
14 24
29 0
27 0
28 0
12 8
26 0
30 0
29 19
27 19
19 28
28 0
24 6
6 0
20 0
19 29
28 29
17 12
6 0
20 0
6 19
11 19
19 0
28 0
26 20
20 0
3 25
14 25
25 0
5 7
11 7
17 7
29 0
27 0
19 0
28 0
23 11
11 0
19 0
28 0
24 21
26 0
1 30
10 30
24 30
21 30
30 0
22 0
1 20
23 20
11 0
19 0
28 0
3 17
14 0
24 29
21 29
2 29
24 0
21 0
6 2
20 2
3 2
14 0
25 0
9 24
16 24
1 24
23 24
20 0
18 3
26 3
1 3
23 3
11 0
19 0
28 0
9 18
7 18
29 0
27 0
19 0
28 0
14 23
25 23
5 29
11 29
17 29
15 29
29 0
27 0
19 0
28 0
24 26
21 26
30 0
22 0
3 11
17 11
12 11
11 0
19 0
28 12
24 12
21 12
30 12
12 24
11 0
19 0
28 0
3 14
2 14
29 0
27 0
19 0
28 0
3 19
2 19
19 0
28 0
13 28
6 28
11 28
28 0
3 10
17 10
15 10
29 0
21 0
30 0
22 0
3 13
17 13
12 13
11 0
28 0
16 9
1 9
